0	9	10	11	12	13	14	15	16	17	18	19	20	21	22	23	24	25	26	27	28	29	30	31	32	33	34	35	36	37	38	39	40	41	42	43	44	45	46	47	48	49	50	51	52	53	378	56	57	58	59	60	384	63	64	65	66	67	68	69
1	9	10	11	12	13	14	15	16	17	18	19	20	21	22	23	24	25	26	27	28	29	30	31	32	33	34	35	36
2	37	38	39	40	41	42	43	44	45	46	47	48	49	50	51	52	53	378	56	57	58	59	60	384	63	64	65	66	67	68	69
3	9	10	11	12	13
4	9	10	11	12	13	14	15	16	17	18	19	20	21	22	23	24	25	26
5	141	140	139	138	137	136	135	134	381	131	130	129	128	127	379	124	123	122	121	120	119	118	117	116	115	114	113	112	111	110	109	108	107	106	105	104	103	102	101	100	99	98	97	96	95	94	93	92	91	90	89	88	87	86	85	84	83	82	81	80
6	107	106	105	104	103	102	101	100	99	98	97	96	95	94	93	92	91	90	89	88	87	86	85	84	83	82	81	80
7	141	140	139	138	137	136	135	134	381	131	130	129	128	127	379	124	123	122	121	120	119	118	117	116	115	114	113	112	111	110	109	108
8	84	83	82	81	80
9	97	96	95	94	93	92	91	90	89	88	87	86	85	84	83	82	81	80
10	147	148	149	150	151	152	385	155	156	157	158	159	160	161	162	163	164	165	166	167	168	169	170	171	172	173	174	175	176	177	178	179	180	181	182	183	184	185	186	187	188	189	190	191	383	194	195	196	197	198	199	200	201	202	203	204	205	206	207	208	209	210
11	147	148	149	150	151	152	385	155	156	157	158	159	160	161	162	163	164	165	166	167	168	169	170	171	172	173	174
12	175	176	177	178	179	180	181	182	183	184	185	186	187	188	189	190	191	383	194	195	196	197	198	199	200	201	202	203	204	205	206	207	208	209	210
13	147	148	149	150	151	152	385
14	283	282	281	280	279	278	277	276	275	274	273	272	271	270	269	268	267	382	264	263	262	261	260	259	258	257	256	255	254	253	252	251	250	249	248	247	246	245	244	243	242	241	240	239	238	237	236	235	234	233	232	231	230	229	228	380	225	224	223	222	221	220
15	248	247	246	245	244	243	242	241	240	239	238	237	236	235	234	233	232	231	230	229	228	380	225	224	223	222	221	220
16	283	282	281	280	279	278	277	276	275	274	273	272	271	270	269	268	267	382	264	263	262	261	260	259	258	257	256	255	254	253	252	251	250	249
17	228	380	225	224	223	222	221	220
18	289	311	292	293	294
19	300	299	298	312	295
